num1 <- 50
num2 <- 10

num1 - num2
